34
9
29
32
3
2
29
33
6
13
32
20
22
23
30
17
21
12
22
29
1
28
9
17
36
22
30
11
1
34
27
32
10
15
4
31
14
12
36
23
18
20
27
13
27
6
14
3
33
26
12
2
30
5
32
20
19
29
20
19
16
9
14
3
21
4
25
29
32
26
10
27
26
12
2
14
14
17
36
2
22
5
32
11
2
15
20
10
12
3
18
0
7
20
28
1
9
14
36
2
10
21
29
32
20
28
14
35
24
30
10
22
28
20
3
26
4
24
3
11
29
5
35
14
24
35
24
6
34
8
16
28
27
29
26
11
2
13
1
8
22
5
4
6
22
5
10
15
29
1
9
31
18
16
25
21
24
15
8
8
3
29
7
27
25
9
33
34
29
4
32
30
12
34
18
13
12
9
20
28
13
9
9
26
25
31
15
31
5
24
0
28
4
5
6
7
31
16
24
