20
25
29
34
22
12
1
19
10
11
0
18
12
18
24
30
0
1
0
34
7
25
30
30
18
20
6
29
27
18
9
31
26
27
36
6
34
1
21
35
4
34
17
35
0
5
23
28
15
10
20
29
25
32
18
33
7
14
23
3
31
11
31
26
36
6
21
19
24
35
6
19
19
26
22
20
13
35
5
34
34
30
2
36
17
6
9
20
26
34
19
28
27
26
6
20
0
10
34
36
4
36
27
7
23
16
7
25
18
21
12
14
1
34
15
29
11
1
35
8
5
14
36
17
5
18
11
32
20
6
36
7
7
35
20
15
18
16
26
3
26
10
17
12
6
1
1
7
13
10
28
19
34
5
24
35
0
25
21
32
27
31
26
18
24
4
33
26
24
11
25
20
20
3
27
3
20
33
11
13
27
1
29
2
23
35
19
11
36
16
33
6
13
15
29
1
10
30
12
30
30
