22
3
3
9
15
2
10
17
4
14
11
34
10
24
16
7
28
4
7
33
17
32
13
33
23
28
22
8
12
15
29
10
28
12
32
35
21
26
10
13
27
20
32
23
29
16
17
3
0
18
32
33
19
29
15
23
29
23
33
18
16
2
32
29
14
13
16
31
34
20
3
8
35
33
0
18
31
19
26
2
8
20
34
5
31
19
22
5
18
0
2
34
0
25
21
34
30
26
3
35
21
28
11
15
9
17
24
26
15
32
17
4
36
29
4
9
32
22
13
4
15
19
9
1
23
9
14
30
8
22
36
1
24
32
24
31
26
36
5
14
1
20
6
20
10
3
12
21
3
23
33
22
7
24
30
6
36
32
35
3
29
6
21
23
17
9
6
18
28
19
19
6
33
30
30
17
29
28
26
21
19
25
28
9
31
28
4
13
17
12
34
31
21
25
21
28
