22
25
3
20
6
11
28
12
31
21
3
1
28
34
2
16
19
9
16
3
11
4
4
27
8
33
9
30
24
20
19
4
4
23
5
30
14
13
37
17
6
25
19
2
11
32
20
28
30
18
27
25
21
22
2
35
25
10
27
29
17
17
2
16
24
30
1
5
32
13
7
25
10
1
12
9
30
12
29
4
7
32
26
29
25
18
5
19
32
28
35
23
25
19
35
16
21
20
9
13
24
17
21
16
19
30
20
22
10
25
7
10
35
14
16
8
5
31
11
20
30
16
6
26
23
23
25
6
12
34
3
9
9
2
0
33
6
15
36
34
21
9
13
34
11
29
29
3
22
29
30
32
35
13
34
21
26
2
33
30
25
17
13
33
21
29
0
27
6
21
5
1
19
9
13
2
26
15
35
0
5
33
12
32
11
25
32
15
29
34
32
18
1
8
22
0
19
28
8
