13
4
26
32
23
22
21
10
33
35
20
21
24
32
7
30
36
29
30
24
3
13
3
24
12
5
10
36
5
6
11
6
0
27
1
1
5
1
22
25
12
5
18
17
14
29
0
0
7
7
34
21
6
22
17
15
34
24
3
32
31
26
7
33
21
33
2
16
14
7
23
25
19
36
36
13
16
12
14
36
3
24
3
0
0
19
36
23
27
36
32
10
18
24
26
22
4
17
36
11
29
0
17
15
17
22
31
22
10
4
0
29
4
17
32
7
10
27
3
16
15
23
22
15
0
7
28
8
10
15
33
26
6
6
12
3
19
6
28
29
23
20
8
30
34
23
20
22
25
33
1
26
31
0
7
14
25
21
12
16
4
17
29
31
26
25
29
32
2
1
28
22
31
4
21
22
15
29
11
19
17
30
27
7
29
29
22
22
27
31
12
23
20
12
7
9
