8
2
31
27
29
32
34
36
27
9
4
15
27
17
28
15
21
27
23
29
26
27
13
33
5
32
28
31
17
8
18
14
10
0
8
36
8
5
2
16
26
9
7
28
28
4
5
6
0
1
35
10
28
24
10
10
19
35
25
35
7
21
14
18
9
1
13
31
16
28
2
17
35
6
35
11
7
29
7
36
22
4
34
3
30
26
10
16
30
31
2
11
35
6
3
27
1
25
31
15
14
26
17
34
6
19
15
13
24
30
24
26
14
19
26
27
31
14
18
9
2
8
12
29
9
25
5
6
22
21
18
24
16
3
9
31
26
13
31
3
36
21
10
27
20
9
7
36
17
17
12
11
29
25
36
7
33
30
14
18
14
33
11
23
10
20
5
23
2
2
23
29
3
17
20
24
12
36
29
17
30
20
2
31
15
7
8
36
7
13
28
6
26
10
4
21
29
4
3
21
32
18
19
1
26
2
34
13
16
15
33
8
29
25
15
33
13
35
3
28
30
10
23
25
2
1
13
1
24
3
31
13
0
6
21
16
32
3
35
26