29
15
24
13
29
13
14
24
10
17
33
8
11
25
33
13
22
14
25
23
29
35
23
20
11
15
18
30
13
18
20
18
19
7
19
1
22
30
13
11
4
4
14
24
0
8
20
0
13
29
8
26
23
3
36
21
14
18
6
5
5
21
15
33
30
31
33
2
35
34
25
23
36
28
1
7
4
4
17
8
21
23
35
13
13
8
16
9
35
34
25
27
3
27
12
14
6
25
30
36
22
17
12
10
29
27
3
25
22
15
8
12
10
23
16
1
31
21
30
13
3
28
30
14
18
24
25
25
5
19
10
0
36
2
8
14
33
0
12
0
31
0
24
18
31
35
4
25
8
15
7
5
9
17
6
30
0
16
33
35
23
28
21
17
4
16
6
0
30
2
20
24
35
12
34
10
17
5
11
6
32
2
13
25
6
22
20
24
5
4
6
20
22
3
5
4
24
12
9
5
