22
9
26
17
7
24
1
16
7
26
11
30
35
21
11
5
17
0
30
7
20
0
15
19
15
30
5
2
19
28
33
33
25
33
5
33
2
10
0
36
13
19
0
8
20
17
14
35
20
10
5
23
5
26
20
36
14
36
1
19
30
9
35
22
3
31
27
10
7
1
22
25
20
16
33
5
2
20
8
25
7
22
18
26
12
0
24
11
22
22
35
30
29
7
1
19
35
12
31
20
21
20
21
26
1
7
3
8
2
9
13
31
29
4
17
0
34
28
26
31
3
27
11
13
27
5
29
15
19
31
9
25
3
19
23
5
8
33
15
23
31
5
9
28
36
20
30
11
18
20
13
29
13
16
28
21
16
4
4
24
22
14
17
26
31
33
7
36
26
3
28
22
31
25
2
0
29
31
4
9
6
8
35
1
0
34
20
21
18
24
26
12
8
6
10
30
9
23
2
27
34
5
1
33
10
16
30
36
31
28
33
1
33
29
20
26
33
10
8
22
29
4
20
32
27
17
18
33
18
3
25
