18
35
15
2
6
17
13
11
27
25
23
18
15
15
33
34
7
34
2
8
14
31
5
20
10
29
32
28
26
17
17
30
30
30
8
1
22
32
17
32
34
2
7
29
19
18
23
11
8
17
6
25
28
17
18
1
26
31
30
8
2
1
25
29
1
3
11
25
3
30
6
18
26
3
4
36
19
29
1
11
2
6
28
20
12
17
35
35
32
16
5
15
27
9
24
1
13
28
35
15
12
8
7
16
30
19
26
11
2
5
4
1
15
36
33
33
32
4
26
13
5
15
7
23
34
10
29
26
3
33
6
26
10
2
32
26
29
35
26
28
0
19
17
10
21
15
29
32
9
0
15
13
24
24
17
1
34
19
18
23
31
7
10
2
11
15
13
12
21
36
29
7
27
13
36
17
12
22
16
36
36
35
29
2
22
31
30
2
18
4
2
0
14
6
1
14
19
23
17
