9
7
30
5
25
31
9
31
5
20
0
21
26
18
22
29
6
10
11
18
2
19
5
13
30
20
21
20
2
7
25
0
28
30
25
3
27
11
7
2
13
25
6
0
32
11
17
5
33
23
14
6
15
32
28
36
36
22
29
28
32
24
16
24
34
35
23
11
22
2
27
24
17
36
1
3
16
7
36
18
32
26
10
8
16
4
5
19
27
22
32
11
14
32
5
33
25
13
33
19
13
1
32
27
20
5
15
10
18
31
32
11
11
34
21
29
14
34
26
19
22
34
21
30
12
0
3
27
12
30
10
34
1
10
10
36
0
26
33
18
28
3
35
18
6
11
28
5
29
33
9
35
29
18
34
22
11
25
27
32
7
1
21
10
32
0
21
16
21
21
5
31
18
21
32
33
21
23
4
31
10
13
27
28
0
3
17
30
11
28
18
18
29
30
18
35
