17
11
8
29
17
13
12
1
0
1
34
31
35
5
5
35
24
17
12
15
28
23
33
23
25
33
30
34
33
26
26
10
14
25
2
11
22
30
22
35
9
33
4
14
17
1
4
2
26
13
24
11
20
11
36
7
17
6
28
25
18
9
7
27
21
14
20
25
26
16
19
20
28
20
11
20
34
2
30
19
15
26
18
19
2
14
4
24
26
30
16
12
32
5
31
0
2
1
24
12
5
12
20
3
25
30
10
21
21
26
34
4
27
31
26
9
23
1
7
21
36
29
3
20
4
18
31
3
31
33
2
10
35
11
11
6
10
3
0
11
19
29
33
23
16
3
11
1
11
26
1
29
20
5
7
21
17
10
32
31
19
34
27
31
17
31
6
8
19
9
2
19
11
27
10
13
32
35
0
25
32
31
12
35
11
28
23
14
28
32
28
30
11
21
17
12
35
13
